1 1001  1 1.74231 1.25032 0.77036 0 0 0 0 -0.0785573 3.0698 0.553804 5.2462 1.86346  0.128303 14026895 -1250265497 712780
1 1001  1 2.0767 1.40105 0.285247 0 0 0 0 -0.0685628 2.51104 0.554241 5.20735 1.86596  -0.256497 14026895 -1249780982 712780
1 1001  0 1.68345 1.1653 0.914245 0 0 0 0 0.0283214 3.41944 0.554253 5.26457 1.85478  0.241711 14026895 -1249767887 712780
1 1001  1 1.06954 2.45725 0.236206 0 0 0 0 -0.0130821 2.61881 0.553804 5.23432 1.8604  0.635242 14026895 -1249429163 712780
1 1001  0 2.07554 0.878638 0.808822 0 0 0 0 -0.0691143 3.41238 0.553804 5.28476 1.86254  0.167928 14026895 -1249391624 712780
1 1001  1 2.01001 1.13496 0.618022 0 0 0 0 -0.0500284 2.15086 0.553804 5.27445 1.86303  -0.537097 14026895 -1249309562 712780
1 1001  0 2.17926 0.597605 0.986132 0 0 0 0 -0.0350123 1.85869 0.554239 5.2813 1.85295  -0.0080278 14026895 -1249101788 712780
1 1001  0 1.46466 0.694359 1.60398 0 0 0 0 0.0362951 3.43636 0.554239 5.25501 1.87188  0.0589436 14026895 -1249086074 712780
1 1001  0 0.735148 2.75361 0.27424 0 0 0 0 -0.00835018 1.6713 0.554253 5.2798 1.8665  0.258111 14026895 -1248986552 712780
1 1001  0 2.07038 1.25959 0.433024 0 0 0 0 0.0315557 2.58664 0.553804 5.27692 1.85271  0.513985 14026895 -1248906236 712780
1 1001  1 2.51425 1.08433 0.16442 0 0 0 0 0.0134308 2.62434 0.553804 5.28048 1.8745  -0.321578 14026895 -1248877427 712780
1 1001  1 2.02434 1.59799 0.140672 0 0 0 0 0.0565792 3.65212 0.553804 5.26885 1.87238  0.333511 14026895 -1248701954 712780
1 1001  0 1.22749 1.98932 0.546186 0 0 0 0 -0.0247673 3.131 0.553804 5.2787 1.86409  0.18337 14026895 -1248536084 712780
1 1001  1 2.64421 0.747688 0.371098 0 0 0 0 0.0780084 3.16681 0.553765 5.27129 1.87414  -0.0289679 14026895 -1248414737 712780
1 1001  0 0.483662 2.53021 0.749124 0 0 0 0 0.0386995 3.04708 0.554253 5.28538 1.86142  -0.139356 14026895 -1248281168 712780
1 1001  0 1.8317 0.974398 0.9569 0 0 0 0 0.000624215 2.00091 0.554253 5.25396 1.85498  -0.171362 14026895 -1248234026 712780
1 1001  1 1.32257 2.27981 0.160618 0 0 0 0 0.0552633 3.66909 0.553804 5.28058 1.87182  0.454523 14026895 -1247951174 712780
1 1001  0 2.19573 0.769331 0.797939 0 0 0 0 -0.0831358 2.74975 0.553804 5.27016 1.8614  -0.00665907 14026895 -1247800145 712780
1 1001  1 1.60202 1.82593 0.335049 0 0 0 0 0.0531508 2.22172 0.553765 5.2816 1.87408  0.696779 14026895 -1247632529 712780
1 1001  1 2.4646 0.728268 0.570132 0 0 0 0 -0.0918868 1.58113 0.554255 5.27345 1.86971  0.360286 14026895 -1247485865 712780
1 1001  1 1.31717 1.18685 1.25897 0 0 0 0 0.0917528 2.12304 0.553804 5.20567 1.86724  0.285178 14026895 -1247444834 712780
1 1001  0 0.548801 2.33886 0.875338 0 0 0 0 0.00679554 2.47918 0.553804 5.28397 1.8639  0.415036 14026895 -1247275472 712780
1 1001  1 1.33636 2.26375 0.162891 0 0 0 0 -0.0815087 1.91824 0.553765 5.2749 1.87247  0.230669 14026895 -1246935002 712780
1 1001  0 0.514364 1.93668 1.31195 0 0 0 0 -0.0768393 3.36826 0.554255 5.21788 1.86074  0.0176651 14026895 -1246725482 712780
1 1001  1 2.53146 0.754896 0.476637 0 0 0 0 -0.0164462 2.64863 0.553804 5.2602 1.86431  0.0260706 14026895 -1246558739 712780
1 1001  0 2.23183 1.11958 0.411585 0 0 0 0 -0.0298066 2.14208 0.553804 5.27579 1.85513  0.48823 14026895 -1246481042 712780
1 1001  0 2.6432 0.795675 0.324121 0 0 0 0 0.0586522 2.30681 0.553804 5.28435 1.86786  -0.347061 14026895 -1246334378 712780
1 1001  1 2.6399 0.824593 0.298499 0 0 0 0 -0.00966431 2.86197 0.553765 5.27763 1.85748  0.701318 14026895 -1246183349 712780
1 1001  0 0.60362 2.5935 0.565878 0 0 0 0 -0.0113934 1.73989 0.554239 5.28005 1.86006  0.199521 14026895 -1246111763 712780
1 1001  0 2.13333 0.897247 0.732415 0 0 0 0 0.0185064 3.75538 0.555521 5.28155 1.86676  0.800828 14026893 -1686871130 712780
1 1001  0 1.00046 1.36081 1.40172 0 0 0 0 -0.116593 2.14772 0.555521 5.26461 1.86288  0.373148 14026893 -1686789068 712780
1 1001  0 2.14838 0.889545 0.725075 0 0 0 0 0.0234234 2.37292 0.555521 5.2635 1.85472  0.250455 14026893 -1686731450 712780
1 1001  1 0.855657 2.39775 0.509589 0 0 0 0 -0.0776359 3.39296 0.555521 5.28208 1.86426  0.291717 14026893 -1686658118 712780
1 1001  1 0.574073 2.88023 0.308695 0 0 0 0 -0.10405 3.2997 0.555521 5.26535 1.86777  0.277819 14026893 -1686524549 712780
1 1001  1 0.855631 2.64131 0.266058 0 0 0 0 -0.00268975 1.43427 0.555521 5.27511 1.87303  0.413244 14026893 -1686491375 712780
1 1001  1 1.1429 1.55287 1.06723 0 0 0 0 -0.064974 2.68466 0.555521 5.27729 1.86939  0.2504 14026893 -1686431138 712780
1 1001  0 1.12917 2.08947 0.544346 0 0 0 0 0.00542011 1.58629 0.555521 5.2382 1.85927  0.178457 14026893 -1686196301 712780
1 1001  1 2.39921 0.575001 0.788788 0 0 0 0 -0.0535971 2.48813 0.555521 5.27486 1.86991  0.478066 14026893 -1686181460 712780
1 1001  0 2.82535 0.466138 0.471511 0 0 0 0 -0.0229425 3.40907 0.555521 5.27976 1.85823  0.221125 14026893 -1686164000 712780
1 1001  1 0.713346 2.13334 0.916305 0 0 0 0 0.112349 2.50333 0.555521 5.28218 1.86966  -0.412096 14026893 -1685400998 712780
1 1001  0 1.73672 0.605193 1.42108 0 0 0 0 0.0507994 2.46436 0.555521 5.28679 1.85743  0.511556 14026893 -1685318063 712780
1 1001  1 1.23552 2.04094 0.486537 0 0 0 0 -0.00583494 2.62428 0.555521 5.28466 1.87014  -0.0572951 14026893 -1685124257 712780
1 1001  0 1.03868 2.03213 0.692181 0 0 0 0 0.0533658 2.13262 0.555521 5.2783 1.85846  -0.0778521 14026893 -1685077115 712780
1 1001  1 2.17924 0.853845 0.729906 0 0 0 0 0.0601667 2.92072 0.555521 5.28176 1.86291  0.475869 14026893 -1685064893 712780
1 1001  0 0.641296 2.58689 0.534814 0 0 0 0 -0.0799512 3.45667 0.555521 5.27453 1.85579  -0.211127 14026893 -1684708709 712780
1 1001  1 2.35425 0.583463 0.825279 0 0 0 0 -0.0268563 2.27768 0.555521 5.27978 1.85896  0.786429 14026893 -1684053959 712780
1 1001  1 1.837 1.59512 0.330879 0 0 0 0 -0.0707882 2.17352 0.555521 5.2798 1.85575  0.608623 14026893 -1683881978 712780
1 1001  0 2.53842 0.628099 0.596472 0 0 0 0 -0.0160274 2.06118 0.555521 5.27415 1.85476  0.507726 14026893 -1683771107 712780
1 1001  1 2.55867 0.507926 0.696404 0 0 0 0 0.0904047 2.63883 0.555521 5.27632 1.86744  0.712859 14026893 -1683624443 712780
1 1001  1 1.55885 1.89333 0.310822 0 0 0 0 -0.0125081 3.28585 0.555521 5.27592 1.86456  0.020636 14026893 -1683499604 712780
1 1001  1 1.67682 0.675563 1.41061 0 0 0 0 -0.0558529 2.08539 0.553765 5.23278 1.87318  0.215925 14026896 -1032199700 712780
1 1001  0 0.51788 2.84854 0.396575 0 0 0 0 0.0293027 2.28298 0.553765 5.2765 1.85997  0.968791 14026896 -1032094067 712780
1 1001  1 1.64403 1.32985 0.789116 0 0 0 0 0.0903505 1.69943 0.55376 5.27137 1.86434  0.312454 14026896 -1031716058 712780
1 1001  1 2.79949 0.622089 0.341416 0 0 0 0 -0.0506627 2.9459 0.553694 5.24035 1.86169  0.865237 14026896 -1031682011 712780
